46.50384280663182
20.6688444714525
25.431878036252098
64.66115423196797
21.170618719549577
0
78.95750508323326
0
42.709386276468294
16.7023221103188
38.172855908484756
16.82466221165076
30.88911322084743
62.6857142555449
43.176217202624386
0
55.75956993598764
0
76.1403821519673
11.562837544164411
0
31.518403593001615
20.90908626633903
0
55.31012442032287
0
0
59.583742806941316
22.802118044046146
15.73385965470424
68.18828249691374
19.456616120426865
27.42333931852449
0
54.18832064439143
73.48588669125049
16.34279481345135
26.71704139496364
34.1282995252997
8.48178721052852
46.170333946025586
98.24864374879749
46.37960578213185
100.0
0
0
32.117329576262335
51.94694258891951
0
59.521496246052976
18.74447851535153
56.99287587595349
69.6114581208322
81.5768336151973
100.0
57.17669287091992
45.392368532353366
65.1225891012622
0
20.49293843170881
10.209181527315408
49.211760774050894
48.867258151796435
100.0
22.500259089174637
40.12744266717183
21.106766049538177
89.25485543554768
0
43.671839726801345
17.29647478172228
63.30926188803498
38.39817133079349
79.89006203056118
31.571475661681188
47.47978828592796
63.17664303111267
64.56970358076612
13.87405410417602
17.684935443278988
0
37.955341282099795
34.21476690681902
15.50317108662762
24.130259906508535
12.356958406442594
0
74.92693255917172
65.63983236915482
34.09096127416699
21.139678312954622
0
70.68177989405842
24.988922154848815
22.095808710571514
41.237635233225845
24.487361844124795
50.98754730332803
83.79314080532666
100.0
0
100.0
32.60219741496333
45.96334850240487
48.54889253764958
15.724061446095302
43.36462590313994
24.673053873306216
14.213743662752684
18.635458721843026
