74.93997729258437
47.27094135578495
13.967665302579736
67.25267580637009
24.972609369067385
5.957523255661832
87.4310193473521
0
77.09458649717614
47.25833740347913
84.95739810522814
40.38959529638554
100.0
0
48.54917717073234
16.28852476767516
32.59038080172225
69.22435154842049
57.64834623891556
0
50.13310739723931
23.880241801795073
68.05068177131949
0
37.855259513456765
38.51525849779519
0
0
46.336101004094424
23.286763054893196
23.529753067829905
29.54937295102979
25.84688705864654
44.66976335469648
42.42905893602039
12.7021295816515
27.461885522482206
0
65.97079801939806
44.372612845534405
44.21650160638366
0
66.60146691467445
26.70182989817048
30.035620039871127
41.77240329896798
0
0
52.086784677168666
28.941018577056226
37.75488638764175
0
49.53660851227324
0
30.587555761339747
77.59484401362286
39.3240928956755
58.96873567044201
0
29.201724883672718
0
0
23.736810439041953
0
65.61915800346723
21.493430622417762
26.6398961287536
45.37621765888438
46.96101951836781
18.804561482589094
9.646160948265745
31.87664953827675
71.57515419129247
34.86370618158717
100.0
44.117684962454945
41.21183751323027
17.622948821673525
40.18304015020263
9.364010445185752
31.89482554409816
41.15670533488765
73.26742623016355
25.374800196921974
65.05231574575436
26.170731253402636
0
30.566858077201946
17.883735633279656
63.71703210636389
31.6324964260922
49.068493574954836
15.525264636093297
0
34.82072855715938
46.41379685326824
23.62289948680674
13.937913545758656
29.469998911653732
66.9865486355152
34.44532512609058
36.61638984039947
19.458905999832307
0
68.49134992568823
9.95700151318377
18.5916799916022
61.301664769721356
64.736439533795
21.019729806168037
51.297902638285905
14.394724299727116
47.14738296984092
60.10540067697039
37.28914401619486
15.058147550281586
57.711473007997306
54.8808954692064
68.27910964306787
30.79300751569292
0
14.108549407872955
12.678049297157164
18.422380555374996
87.7524264002722
93.17330094452284
36.03663836089051
27.058667396970375
22.15511050168562
51.083360953431665
38.08599500382412
27.784020731179858
76.02792653449394
84.15709972403764
43.979335933006354
0
11.040004438787959
0
42.14183480710786
0
21.893468473021553
22.106668526991964
39.76353643835253
33.63402054950587
11.750405745184631
38.03623251535216
84.33182773610436
43.73581417192989
24.108638919634192
29.625479695020502
70.39205092971794
100.0
0
64.45960884114392
11.212822189895029
100.0
20.24967829237713
32.06838101244221
65.67407404257105
36.5926471029985
68.53559818037832
26.609236743023583
15.68608787088101
39.88555298988316
37.0725376754841
21.30931749764531
61.05489739599407
25.988738159609092
43.83926268174689
100.0
56.7556370604293
48.771885906556825
0
0
0
0
20.43239733177272
0
49.71252279474818
0
47.021782058181
20.215931654310417
47.5718021604269
32.288884624362204
0
41.54120961518064
0
55.9450014366235
0
44.68309008234942
0
31.40084866979345
35.682656867222676
74.33820826998631
70.49726640175167
66.60525055156015
36.5817564878633
0
33.20599481244215
71.98475612155464
21.901687070378728
72.97714753838207
100.0
47.87937292144975
31.245123492094017
18.49829585584731
0
76.5013066103532
41.207642660407316
75.4917396922829
31.14607205098332
84.74968231198383
24.688447586079114
16.38131196412618
49.92816920293768
14.529568817302643
35.197656022665804
40.05274484725572
27.088395398182243
22.194284879545485
0
51.75379344875981
33.75804740497263
100.0
29.528701333917525
0
14.342488692730871
28.035509912723693
25.65359120252201
51.70060134025422
50.63571071062586
75.14532466837566
68.86010112062722
47.104148276992724
54.210372569788156
0
100.0
62.68651366269885
0
48.94825299880313
31.314224813827344
66.64065130561079
21.840789023652047
53.07908093109452
20.670415350770053
0
20.264095502987423
0
0
83.50581644292238
54.57477310126314
46.656343243412906
33.81462701786692
65.84620878303784
0
46.686336591005
43.64592934306387
0
28.663283766131002
73.73263960711948
44.07137365490009
14.624705466498082
27.960951386057868
36.94896028859384
24.359029669117664
24.963480954369334
36.73861984297639
74.52262326851181
21.582870245099308
0
0
38.68740007909651
72.8013702282549
71.45612412398982
59.29952591239571
0
35.42273950696704
100.0
46.828873762454386
39.50136171203712
57.52149560946649
40.441942454419255
24.07661203531824
24.54258751511002
54.552855476174734
40.45111371170211
0
31.3533647357423
0
46.46400756592938
81.14547141126371
59.00103051522919
41.559480420887674
0
35.006827654624374
100.0
100.0
46.14345876792697
44.106851020025594
24.40153232086658
18.48473226774972
21.470019165113555
59.837722487765056
19.76246317556514
0
46.91946805558412
39.12102170311963
15.650626738908583
70.68884493513042
22.325877055095216
23.371037051501048
28.199042944305642
77.43632437968384
77.12224548449488
8.964412988054848
20.492938431708815
96.92693645236433
17.162243774372694
27.014491181640203
23.684946855759943
17.893601676875893
14.386380096666649
31.81475045043695
74.16868353364534
0
42.71042866525986
72.41577342575826
90.23569800433148
0
31.882825108379713
0
0
66.01687478883146
13.040635257111866
0
0
25.68551442167257
0
39.874267636593316
0
59.6151579182269
29.44907609653989
41.65225822551007
17.245156874972515
39.92574846153828
50.53483543335474
18.872826906444796
18.189481659357224
28.520240693128525
35.49481056010053
0
57.32674670650788
29.247203674339563
16.9050020875237
43.744935336204165
0
0
100.0
85.90521354078653
0
54.46767754513301
0
51.070565444162696
11.220594400527961
39.36234627921034
22.78109584084918
66.7766172303438
20.18308715042968
47.1036321378525
0
14.511636029472195
0
0
43.93962092557384
52.777045720612094
18.663588085748337
50.400699701227566
89.58055143482169
49.16791158956874
22.43918814344075
19.581035606084622
0
48.96763282882615
47.96790742845126
14.385736370589827
0
18.056042827234947
49.18853304169947
68.9812717778078
0
28.294718755825937
0
14.35254304703376
76.64985257164733
0
50.0
46.41858570941995
67.02451423349893
23.68731638422899
61.290637087378684
0
0
0
84.15809420730062
45.01734763865588
24.202008099436313
0
0
34.657778168685546
98.77693385064788
24.51477190687313
51.751639595886715
50.33074393714352
0
37.57292460047945
74.15070188455674
44.018301435876644
37.60603093086393
0
39.32515491965583
85.65965066997914
59.630506457392485
31.996987584484827
23.661340762230594
0
55.81021079568854
13.723993716846975
13.149683210173665
59.49015600856606
74.10755401970827
81.82610883101619
0
23.0477042282735
0
26.852138124357495
0
37.42378591193557
35.61693754184905
15.532623379584571
18.849947151903073
31.588985518769224
85.69194257671482
90.29926940720301
32.134390580725515
37.764524454923745
19.13288093599313
46.226043964892895
37.30215121900982
18.766713509790744
0
37.08653730044894
70.35354206545136
52.03221767041667
0
0
29.131648749991925
55.485789257110476
100.0
20.894837545938355
0
31.398902637743426
42.742767703467884
47.763359726585094
90.99745560136938
34.21705141677663
36.925814470396
22.62856506061173
20.734005704808226
23.24175044887137
0
63.94833188582958
55.599492948054674
13.847845459407218
79.00213596589926
40.38540388133672
0
43.40659932870194
29.81970268505466
0
35.986521323353756
14.204517246156936
30.90165127289357
30.195388802096684
60.088913016148545
27.435698369987517
20.630760174539724
13.456175802984399
18.06007612861716
0
39.56845461541814
65.35539640697682
0
67.85075296360752
16.514130864944285
86.23617308233247
100.0
28.91223476078993
100.0
64.1391526638993
46.50384280663182
20.6688444714525
25.431878036252098
64.66115423196797
21.170618719549577
0
78.95750508323326
0
42.709386276468294
16.7023221103188
38.172855908484756
16.82466221165076
30.88911322084743
62.6857142555449
43.176217202624386
0
55.75956993598764
0
76.1403821519673
11.562837544164411
0
31.518403593001615
20.90908626633903
0
55.31012442032287
0
0
59.583742806941316
22.802118044046146
15.73385965470424
68.18828249691374
19.456616120426865
27.42333931852449
0
54.18832064439143
73.48588669125049
16.34279481345135
26.71704139496364
34.1282995252997
8.48178721052852
46.170333946025586
98.24864374879749
46.37960578213185
100.0
0
0
32.117329576262335
51.94694258891951
0
59.521496246052976
18.74447851535153
56.99287587595349
69.6114581208322
81.5768336151973
100.0
57.5635954665588
57.17669287091992
45.392368532353366
65.1225891012622
0
20.49293843170881
10.209181527315408
49.211760774050894
48.867258151796435
100.0
22.500259089174637
40.12744266717183
21.106766049538177
89.25485543554768
0
43.671839726801345
17.29647478172228
63.30926188803498
38.39817133079349
79.89006203056118
31.571475661681188
47.47978828592796
63.17664303111267
64.56970358076612
13.87405410417602
17.684935443278988
0
37.955341282099795
34.21476690681902
15.50317108662762
24.130259906508535
12.356958406442594
0
74.92693255917172
65.63983236915482
34.09096127416699
21.139678312954622
0
70.68177989405842
24.988922154848815
22.095808710571514
41.237635233225845
24.487361844124795
50.98754730332803
83.79314080532666
100.0
0
100.0
32.60219741496333
45.96334850240487
48.54889253764958
15.724061446095302
43.36462590313994
24.673053873306216
14.213743662752684
18.635458721843026
35.26571770725399
88.53454296833544
12.9077046434726
76.44855553855663
17.460906468776578
13.860622012421722
12.290693846189791
29.334040453331056
100.0
26.579621519910678
0
38.065310765094075
15.971882491087674
30.162866056974973
55.5579267979471
44.70940995385906
23.262114818111705
45.28472741566286
80.27336482537424
0
67.79771462710572
22.642315108092934
44.396175589203764
25.279165025403206
43.714925819816244
65.61301754710519
21.51218166314977
54.215543305166946
27.6231262126926
70.66026049079721
16.921136270208002
0
30.55632358845375
48.52144945369239
47.36072380767264
30.706380405613455
20.55891162618483
45.26050511549038
24.45654483608859
85.91175705304262
15.5995273657764
0
32.52552355796971
33.433800923838156
12.213534405317501
0
39.779587593419876
46.10619175699921
81.29886929651474
33.77922034053152
0
96.03087913586323
35.28926321911428
36.16821643840704
37.454201662413226
32.506048136657704
51.409500440641395
90.49781333001576
40.58397249567139
32.94764877203728
19.56624104840927
0
23.9954174737988
0
98.46969372821017
0
59.64154735462456
0
43.53658317500835
38.802869410236426
27.480439752324138
0
