74.93997729258437
47.27094135578495
13.967665302579736
67.25267580637009
24.972609369067385
5.957523255661832
87.4310193473521
0
77.09458649717614
47.25833740347913
84.95739810522814
40.38959529638554
100.0
0
48.54917717073234
16.28852476767516
32.59038080172225
69.22435154842049
57.64834623891556
0
50.13310739723931
23.880241801795073
68.05068177131949
0
37.855259513456765
38.51525849779519
0
0
46.336101004094424
23.286763054893196
23.529753067829905
29.54937295102979
25.84688705864654
44.66976335469648
42.42905893602039
12.7021295816515
27.461885522482206
0
65.97079801939806
44.372612845534405
44.21650160638366
0
66.60146691467445
26.70182989817048
30.035620039871127
41.77240329896798
0
0
52.086784677168666
28.941018577056226
37.75488638764175
0
49.53660851227324
0
30.587555761339747
77.59484401362286
39.3240928956755
58.96873567044201
0
29.201724883672718
0
0
23.736810439041953
0
65.61915800346723
21.493430622417762
26.6398961287536
45.37621765888438
46.96101951836781
18.804561482589094
9.646160948265745
31.87664953827675
71.57515419129247
34.86370618158717
100.0
44.117684962454945
41.21183751323027
17.622948821673525
40.18304015020263
9.364010445185752
31.89482554409816
41.15670533488765
73.26742623016355
25.374800196921974
65.05231574575436
26.170731253402636
0
30.566858077201946
17.883735633279656
63.71703210636389
31.6324964260922
49.068493574954836
15.525264636093297
0
34.82072855715938
46.41379685326824
23.62289948680674
13.937913545758656
29.469998911653732
66.9865486355152
34.44532512609058
36.61638984039947
19.458905999832307
0
68.49134992568823
9.95700151318377
18.5916799916022
61.301664769721356
64.736439533795
21.019729806168037
51.297902638285905
14.394724299727116
47.14738296984092
60.10540067697039
37.28914401619486
15.058147550281586
57.711473007997306
54.8808954692064
68.27910964306787
30.79300751569292
0
14.108549407872955
0
12.678049297157164
18.422380555374996
87.7524264002722
93.17330094452284
36.03663836089051
27.058667396970375
