34.44532512609058
36.61638984039947
19.458905999832307
0
68.49134992568823
9.95700151318377
18.5916799916022
61.301664769721356
64.736439533795
21.019729806168037
51.297902638285905
14.394724299727116
47.14738296984092
60.10540067697039
37.28914401619486
15.058147550281586
57.711473007997306
54.8808954692064
68.27910964306787
30.79300751569292
0
14.108549407872955
0
12.678049297157164
18.422380555374996
87.7524264002722
93.17330094452284
36.03663836089051
27.058667396970375
22.15511050168562
51.083360953431665
38.08599500382412
27.784020731179858
76.02792653449394
84.15709972403764
43.979335933006354
0
11.040004438787959
0
42.14183480710786
0
21.893468473021553
22.106668526991964
39.76353643835253
33.63402054950587
11.750405745184631
38.03623251535216
84.33182773610436
43.73581417192989
24.108638919634192
