27.05567598887693
40.49252885036575
0
68.49134992568823
0
18.5916799916022
45.86363489870441
64.736439533795
22.70870373989467
0
47.14738296984092
60.10540067697039
37.28914401619486
14.174265286645143
0
54.8808954692064
0
30.79300751569292
0
13.519092400034197
51.40676550664003
13.487448622208845
33.32628145324384
87.7524264002722
93.17330094452284
33.81466644974678
27.058667396970375
22.15511050168562
51.083360953431665
40.821797462134434
0
47.10343783397338
84.15709972403764
15.504193573457883
12.341018776565186
0
51.818434496893076
0
0
39.76353643835253
20.219702374830252
53.794022343180984
38.03623251535216
84.33182773610436
43.73581417192989
24.108638919634192
29.625479695020502
70.39205092971794
100.0
41.47643294773346
20.666330190684175
29.92889171931165
0
20.678480879803043
32.33658572145771
65.67407404257105
26.609236743023583
15.853877382962272
0
17.14177803949933
43.521418643842395
61.05489739599407
24.07973229946299
43.83926268174689
100.0
53.49295343102809
51.26970066506444
0
0
33.18237575081616
0
21.06800976148631
0
65.68835923621972
0
0
0
47.5718021604269
32.288884624362204
