17.14667166033133
39.39500356791791
64.66115423196797
0
0
96.02043929452448
0
0
16.7023221103188
38.172855908484756
16.82466221165076
11.991555664148512
62.6857142555449
0
0
71.20354245971846
0
100.0
11.562837544164411
0
100.0
21.501656005643728
0
48.64944116610697
0
0
59.583742806941316
22.33370248013603
11.482901041602474
68.18828249691374
14.359911300453621
23.81064277825865
0
54.18832064439143
67.09473299721176
36.31096653567199
26.466149373331447
34.1282995252997
8.62953931972729
30.359082113408764
98.24864374879749
46.37960578213185
84.19345609529056
31.019811512191325
0
0
51.94694258891951
0
0
0
56.99287587595349
40.97337545068906
81.5768336151973
38.51028397286126
57.17669287091992
45.392368532353366
65.1225891012622
0
0
10.06778311487327
56.2241846740979
50.15144930264589
100.0
47.866626088040796
39.18718423179927
14.667500189742253
89.25485543554768
0
25.084388719256832
20.106219065924407
43.20548948829014
16.701570871784515
79.89006203056118
31.452956547848537
47.47978828592796
63.17664303111267
64.56970358076612
23.60458117753204
17.684935443278988
0
37.955341282099795
34.21476690681902
16.43902397434912
24.79665183640932
11.831236930056798
0
74.92693255917172
65.63983236915482
34.09096127416699
0
0
70.68177989405842
0
22.095808710571514
41.237635233225845
24.487361844124795
29.30381471463546
83.79314080532666
96.13428908350092
0
100.0
32.60219741496333
16.896609881590553
45.58480937265127
16.423246551837785
95.22068507917606
24.673053873306216
0
75.89607651796143
