35.13897487134952
36.39113272237762
13.967665302579736
67.25267580637009
29.84985162234917
0
87.4310193473521
14.063770259041474
77.09458649717614
47.25833740347913
84.95739810522814
40.70128782224764
100.0
0
48.54917717073234
13.342566897656797
0
69.22435154842049
57.64834623891556
0
50.13310739723931
23.827341743435287
68.05068177131949
0
26.11882306076066
38.51525849779519
0
0
0
0
19.083928231726517
17.46772105851385
100.0
44.33723095936954
37.35165650539371
18.823398584120035
41.31846698290349
14.838256509189417
65.97079801939806
44.372612845534405
44.21650160638366
0
36.770589347843256
26.70182989817048
30.035620039871127
19.202073156564335
0
0
0
28.941018577056226
18.295614347332
0
74.9657902123953
0
30.587555761339747
77.59484401362286
0
58.96873567044201
0
22.829467422590263
0
0
23.736810439041953
0
17.669644998674894
31.64238491177484
100.0
51.71005657115031
0
18.804561482589094
0
37.70063804549471
82.11236643609686
12.171148594564855
100.0
0
65.44820082841201
18.322658953664337
40.18304015020263
9.364010445185752
31.89482554409816
18.584826636745547
41.97419755495543
9.054694688361108
43.5934986065974
26.170731253402636
48.985509186062906
25.358660205511917
17.883735633279656
63.71703210636389
31.6324964260922
50.47917863076593
11.709061630923738
0
34.82072855715938
46.41379685326824
18.888765722607896
13.937913545758656
29.469998911653732
66.9865486355152
27.05567598887693
40.49252885036575
11.026704113123435
0
68.49134992568823
0
18.5916799916022
45.86363489870441
64.736439533795
22.70870373989467
51.297902638285905
0
47.14738296984092
60.10540067697039
37.28914401619486
14.174265286645143
0
54.8808954692064
0
30.79300751569292
0
13.519092400034197
51.40676550664003
13.487448622208845
33.32628145324384
87.7524264002722
93.17330094452284
33.81466644974678
27.058667396970375
22.15511050168562
51.083360953431665
40.821797462134434
0
47.10343783397338
84.15709972403764
43.979335933006354
15.504193573457883
12.341018776565186
0
51.818434496893076
0
0
22.106668526991964
39.76353643835253
20.219702374830252
53.794022343180984
38.03623251535216
84.33182773610436
